0.000000000
0.000000000
0.000000000
0.000000001
0.000000002
0.000000004
0.000000009
0.000000016
0.000000027
0.000000044
0.000000067
0.000000098
0.000000138
0.000000190
0.000000256
0.000000337
0.000000437
0.000000557
0.000000700
0.000000869
0.000001067
0.000001297
0.000001562
0.000001866
0.000002212
0.000002604
0.000003046
0.000003543
0.000004097
0.000004713
0.000005396
0.000006148
0.000006975
0.000007879
0.000008865
0.000009937
0.000011100
0.000012356
0.000013710
0.000015167
0.000016729
0.000018402
0.000020188
0.000022092
0.000024119
0.000026271
0.000028553
0.000030970
0.000033524
0.000036220
0.000039063
0.000042055
0.000045201
0.000048505
0.000051970
0.000055600
0.000059398
0.000063367
0.000067510
0.000071830
0.000076329
0.000081011
0.000085876
0.000090928
0.000096169
0.000101600
0.000107223
0.000113039
0.000119051
0.000125258
0.000131663
0.000138265
0.000145066
0.000152067
0.000159267
0.000166667
0.000174267
0.000182067
0.000190067
0.000198267
0.000206667
0.000215267
0.000224067
0.000233067
0.000242267
0.000251667
0.000261267
0.000271067
0.000281067
0.000291267
0.000301667
0.000312267
0.000323067
0.000334067
0.000345267
0.000356667
0.000368267
0.000380067
0.000392067
0.000404267
0.000416667
0.000429267
0.000442067
0.000455067
0.000468267
0.000481667
0.000495267
0.000509067
0.000523067
0.000537267
0.000551667
0.000566267
0.000581067
0.000596067
0.000611267
0.000626667
0.000642267
0.000658067
0.000674067
0.000690267
0.000706667
0.000723267
0.000740067
0.000757067
0.000774267
0.000791667
0.000809267
0.000827067
0.000845067
0.000863267
0.000881667
0.000900267
0.000919067
0.000938067
0.000957267
0.000976667
0.000996267
0.001016067
0.001036067
0.001056267
0.001076667
0.001097267
0.001118067
0.001139067
0.001160267
0.001181667
0.001203267
0.001225067
0.001247067
0.001269267
0.001291667
0.001314267
0.001337067
0.001360067
0.001383267
0.001406667
0.001430267
0.001454067
0.001478067
0.001502267
0.001526667
0.001551267
0.001576067
0.001601067
0.001626267
0.001651667
0.001677267
0.001703067
0.001729067
0.001755267
0.001781667
0.001808267
0.001835067
0.001862067
0.001889267
0.001916667
0.001944267
0.001972067
0.002000067
0.002028267
0.002056667
0.002085267
0.002114067
0.002143067
0.002172267
0.002201667
0.002231267
0.002261067
0.002291067
0.002321267
0.002351667
0.002382267
0.002413067
0.002444067
0.002475267
0.002506667
0.002538267
0.002570067
0.002602067
0.002634267
0.002666667
0.002699267
0.002732067
0.002765066
0.002798265
0.002831663
0.002865258
0.002899051
0.002933039
0.002967223
0.003001600
0.003036169
0.003070928
0.003105876
0.003141011
0.003176329
0.003211830
0.003247510
0.003283367
0.003319398
0.003355600
0.003391970
0.003428505
0.003465201
0.003502055
0.003539062
0.003576220
0.003613524
0.003650970
0.003688553
0.003726271
0.003764119
0.003802092
0.003840188
0.003878402
0.003916729
0.003955167
0.003993710
0.004032356
0.004071100
0.004109938
0.004148865
0.004187879
0.004226975
0.004266148
0.004305396
0.004344714
0.004384097
0.004423543
0.004463046
0.004502604
0.004542212
0.004581866
0.004621562
0.004661297
0.004701067
0.004740869
0.004780700
0.004820557
0.004860437
0.004900338
0.004940256
0.004980190
0.005020138
0.005060098
0.005100067
0.005140044
0.005180027
0.005220016
0.005260009
0.005300004
0.005340002
0.005380001
0.005420000
0.005460000
0.005500000
0.005540000
0.005580000
0.005620000
0.005660000
0.005700000
0.005740000
0.005780000
0.005820000
0.005860000
0.005900000
0.005940000
0.005980000
0.006020000
0.006060000
0.006100000
0.006140000
0.006180000
0.006220000
0.006260000
0.006300000
0.006340000
0.006380000
0.006420000
0.006460000
0.006500000
0.006540000
0.006580000
0.006620000
0.006660000
0.006700000
0.006740000
0.006780000
0.006820000
0.006860000
0.006900000
0.006940000
0.006980000
0.007020000
0.007060000
0.007100000
0.007140000
0.007180000
0.007220000
0.007260000
0.007300000
0.007340000
0.007380000
0.007420000
0.007460000
0.007500000
0.007540000
0.007580000
0.007620000
0.007660000
0.007700000
0.007740000
0.007780000
0.007820000
0.007860000
0.007900000
0.007940000
0.007980000
0.008020000
0.008060000
0.008100000
0.008140000
0.008180000
0.008220000
0.008260000
0.008300000
0.008340000
0.008380000
0.008420000
0.008460000
0.008500000
0.008540000
0.008580000
0.008620000
0.008660000
0.008700000
0.008740000
0.008780000
0.008820000
0.008860000
0.008900000
0.008940000
0.008980000
0.009020000
0.009060000
0.009100000
0.009140000
0.009180000
0.009220000
0.009260000
0.009300000
0.009340000
0.009380000
0.009420000
0.009460000
0.009500000
0.009540000
0.009580000
0.009620000
0.009660000
0.009700000
0.009740000
0.009780000
0.009820000
0.009860000
0.009900000
0.009940000
0.009980000
0.010020000
0.010060000
0.010100000
0.010140000
0.010180000
0.010220000
0.010260000
0.010300000
0.010340000
0.010380000
0.010420000
0.010460000
0.010500000
0.010540000
0.010580000
0.010620000
0.010660000
0.010700000
0.010740000
0.010780000
0.010820000
0.010860000
0.010900000
0.010940000
0.010980000
0.011020000
0.011060000
0.011100000
0.011140000
0.011180000
0.011220000
0.011260000
0.011300000
0.011340000
0.011380000
0.011420000
0.011460000
0.011500000
0.011540000
0.011580000
0.011620000
0.011660000
0.011700000
0.011740000
0.011780000
0.011820000
0.011860000
0.011900000
0.011940000
0.011980000
0.012020000
0.012060000
0.012100000
0.012140000
0.012180000
0.012220000
0.012260000
0.012300000
0.012340000
0.012380000
0.012420000
0.012460000
0.012500000
0.012540000
0.012580000
0.012620000
0.012660000
0.012700000
0.012740000
0.012780000
0.012820000
0.012860000
0.012900000
0.012940000
0.012980000
0.013020000
0.013060000
0.013100000
0.013140000
0.013180000
0.013220000
0.013260000
0.013300000
0.013340000
0.013380000
0.013420000
0.013460000
0.013500000
0.013540000
0.013580000
0.013620000
0.013660000
0.013700000
0.013740000
0.013780000
0.013820000
0.013860000
0.013900000
0.013940000
0.013980000
0.014020000
0.014060000
0.014100000
0.014140000
0.014180000
0.014220000
0.014260000
0.014300000
0.014340000
0.014380000
0.014420000
0.014460000
0.014500000
0.014540000
0.014580000
0.014620000
0.014660000
0.014700000
0.014740000
0.014780000
0.014820000
0.014860000
0.014900000
0.014940000
0.014980000
0.015020000
0.015060000
0.015100000
0.015140000
0.015180000
0.015220000
0.015260000
0.015300000
0.015340000
0.015380000
0.015420000
0.015460000
0.015500000
0.015540000
0.015580000
0.015620000
0.015660000
0.015700000
0.015740000
0.015780000
0.015820000
0.015860000
0.015900000
0.015940000
0.015980000
0.016020000
0.016060000
0.016100000
0.016140000
0.016180000
0.016220000
0.016260000
0.016300000
0.016340000
0.016380000
0.016420000
0.016460000
0.016500000
0.016540000
0.016580000
0.016620000
0.016660000
0.016700000
0.016740000
0.016780000
0.016820000
0.016860000
0.016900000
0.016940000
0.016980000
0.017020000
0.017060000
0.017100000
0.017140000
0.017180000
0.017220000
0.017260000
0.017300000
0.017340000
0.017380000
0.017420000
0.017460000
0.017500000
0.017540000
0.017580000
0.017620000
0.017660000
0.017700000
0.017740000
0.017780000
0.017820000
0.017860000
0.017900000
0.017940000
0.017980000
0.018020000
0.018060000
0.018100000
0.018140000
0.018180000
0.018220000
0.018260000
0.018300000
0.018340000
0.018380000
0.018420000
0.018460000
0.018500000
0.018540000
0.018580000
0.018620000
0.018660000
0.018700000
0.018740000
0.018780000
0.018820000
0.018860000
0.018900000
0.018940000
0.018980000
0.019020000
0.019060000
0.019100000
0.019140000
0.019180000
0.019220000
0.019260000
0.019300000
0.019340000
0.019380000
0.019420000
0.019460000
0.019500000
0.019540000
0.019580000
0.019620000
0.019660000
0.019700000
0.019740000
0.019780000
0.019820000
0.019860000
0.019900000
0.019940000
0.019980000
0.020020000
0.020060000
0.020100000
0.020140000
0.020180000
0.020220000
0.020260000
0.020300000
0.020340000
0.020380000
0.020420000
0.020460000
0.020500000
0.020540000
0.020580000
0.020620000
0.020660000
0.020700000
0.020740000
0.020780000
0.020820000
0.020860000
0.020900000
0.020940000
0.020980000
0.021020000
0.021060000
0.021100000
0.021140000
0.021180000
0.021220000
0.021260000
0.021300000
0.021340000
0.021380000
0.021420000
0.021460000
0.021500000
0.021540000
0.021580000
0.021620000
0.021660000
0.021700000
0.021740000
0.021780000
0.021820000
0.021860000
0.021900000
0.021940000
0.021980000
0.022020000
0.022060000
0.022100000
0.022140000
0.022180000
0.022220000
0.022260000
0.022300000
0.022340000
0.022380000
0.022420000
0.022460000
0.022500000
0.022540000
0.022580000
0.022620000
0.022660000
0.022700000
0.022740000
0.022780000
0.022820000
0.022860000
0.022900000
0.022940000
0.022980000
0.023020000
0.023060000
0.023100000
0.023140000
0.023180000
0.023220000
0.023260000
0.023300000
0.023340000
0.023380000
0.023420000
0.023460000
0.023500000
0.023540000
0.023580000
0.023620000
0.023660000
0.023700000
0.023740000
0.023780000
0.023820000
0.023860000
0.023900000
0.023940000
0.023980000
0.024020000
0.024060000
0.024100000
0.024140000
0.024180000
0.024220000
0.024260000
0.024300000
0.024340000
0.024380000
0.024420000
0.024460000
0.024500000
0.024540000
0.024580000
0.024620000
0.024660000
0.024700000
0.024740000
0.024780000
0.024820000
0.024860000
0.024900000
0.024940000
0.024980000
0.025020000
0.025060000
0.025100000
0.025140000
0.025180000
0.025220000
0.025260000
0.025300000
0.025340000
0.025380000
0.025420000
0.025460000
0.025500000
0.025540000
0.025580000
0.025620000
0.025660000
0.025700000
0.025740000
0.025780000
0.025820000
0.025860000
0.025900000
0.025940000
0.025980000
0.026020000
0.026060000
0.026100000
0.026140000
0.026180000
0.026220000
0.026260000
0.026300000
0.026340000
0.026380000
0.026420000
0.026460000
0.026500000
0.026540000
0.026580000
0.026620000
0.026660000
0.026700000
0.026740000
0.026780000
0.026820000
0.026860000
0.026900000
0.026940000
0.026980000
0.027020000
0.027060000
0.027100000
0.027140000
0.027180000
0.027220000
0.027260000
0.027300000
0.027340000
0.027380000
0.027420000
0.027460000
0.027500000
0.027540000
0.027580000
0.027620000
0.027660000
0.027700000
0.027740000
0.027780000
0.027820000
0.027860000
0.027900000
0.027940000
0.027980000
0.028020000
0.028060000
0.028100000
0.028140000
0.028180000
0.028220000
0.028260000
0.028300000
0.028340000
0.028380000
0.028420000
0.028460000
0.028500000
0.028540000
0.028580000
0.028620000
0.028660000
0.028700000
0.028740000
0.028780000
0.028820000
0.028860000
0.028900000
0.028940000
0.028980000
0.029020000
0.029060000
0.029100000
0.029140000
0.029180000
0.029220000
0.029260000
0.029300000
0.029340000
0.029380000
0.029420000
0.029460000
0.029500000
0.029540000
0.029580000
0.029620000
0.029660000
0.029700000
0.029740000
0.029780000
0.029820000
0.029860000
0.029900000
0.029940000
0.029980000
0.030020000
0.030060000
0.030100000
0.030140000
0.030180000
0.030220000
0.030260000
0.030300000
0.030340000
0.030380000
0.030420000
0.030460000
0.030500000
0.030540000
0.030580000
0.030620000
0.030660000
0.030700000
0.030740000
0.030780000
0.030820000
0.030860000
0.030900000
0.030940000
0.030980000
0.031020000
0.031060000
0.031100000
0.031140000
0.031180000
0.031220000
0.031260000
0.031300000
0.031340000
0.031380000
0.031420000
0.031460000
0.031500000
0.031540000
0.031580000
0.031620000
0.031660000
0.031700000
0.031740000
0.031780000
0.031820000
0.031860000
0.031900000
0.031940000
0.031980000
0.032020000
0.032060000
0.032100000
0.032140000
0.032180000
0.032220000
0.032260000
0.032300000
0.032340000
0.032380000
0.032420000
0.032460000
0.032500000
0.032540000
0.032580000
0.032620000
0.032660000
0.032700000
0.032740000
0.032780000
0.032820000
0.032860000
0.032900000
0.032940000
0.032980000
0.033020000
0.033060000
0.033100000
0.033140000
0.033180000
0.033220000
0.033260000
0.033300000
0.033340000
0.033380000
0.033420000
0.033460000
0.033500000
0.033540000
0.033580000
0.033620000
0.033660000
0.033700000
0.033740000
0.033780000
0.033820000
0.033860000
0.033900000
0.033940000
0.033980000
0.034020000
0.034060000
0.034100000
0.034140000
0.034180000
0.034220000
0.034260000
0.034300000
0.034340000
0.034380000
0.034420000
0.034460000
0.034500000
0.034540000
0.034580000
0.034620000
0.034660000
0.034700000
0.034740000
0.034780000
0.034820000
0.034860000
0.034900000
0.034940000
0.034980000
0.035020000
0.035060000
0.035100000
0.035140000
0.035180000
0.035220000
0.035260000
0.035300000
0.035340000
0.035380000
0.035420000
0.035460000
0.035500000
0.035540000
0.035580000
0.035620000
0.035660000
0.035700000
0.035740000
0.035780000
0.035820000
0.035860000
0.035900000
0.035940000
0.035980000
0.036020000
0.036060000
0.036100000
0.036140000
0.036180000
0.036220000
0.036260000
0.036300000
0.036340000
0.036380000
0.036420000
0.036460000
0.036500000
0.036540000
0.036580000
0.036620000
0.036660000
0.036700000
0.036740000
0.036780000
0.036820000
0.036860000
0.036900000
0.036940000
0.036980000
0.037020000
0.037060000
0.037100000
0.037140000
0.037180000
0.037220000
0.037260000
0.037300000
0.037340000
0.037380000
0.037420000
0.037460000
0.037500000
0.037540000
0.037580000
0.037620000
0.037660000
0.037700000
0.037740000
0.037780000
0.037820000
0.037860000
0.037900000
0.037940000
0.037980000
0.038020000
0.038060000
0.038100000
0.038140000
0.038180000
0.038220000
0.038260000
0.038300000
0.038340000
0.038380000
0.038420000
0.038460000
0.038500000
0.038540000
0.038580000
0.038620000
0.038660000
0.038700000
0.038740000
0.038780000
0.038820000
0.038860000
0.038900000
0.038940000
0.038980000
0.039020000
0.039060000
0.039100000
0.039140000
0.039180000
0.039220000
0.039260000
0.039300000
0.039340000
0.039380000
0.039420000
0.039460000
0.039500000
0.039540000
0.039580000
0.039620000
0.039660000
0.039700000
0.039740000
0.039780000
0.039820000
0.039860000
0.039900000
0.039940000
0.039980000
0.040020000
0.040060000
0.040100000
0.040140000
0.040180000
0.040220000
0.040260000
0.040300000
0.040340000
0.040380000
0.040420000
0.040460000
0.040500000
0.040540000
0.040580000
0.040620000
0.040660000
0.040700000
0.040740000
0.040780000
0.040820000
0.040860000
0.040900000
0.040940000
0.040980000
0.041020000
0.041060000
0.041100000
0.041140000
0.041180000
0.041220000
0.041260000
0.041300000
0.041340000
0.041380000
0.041420000
0.041460000
0.041500000
0.041540000
0.041580000
0.041620000
0.041660000
0.041700000
0.041740000
0.041780000
0.041820000
0.041860000
0.041900000
0.041940000
0.041980000
0.042020000
0.042060000
0.042100000
0.042140000
0.042180000
0.042220000
0.042260000
0.042300000
0.042340000
0.042380000
0.042420000
0.042460000
0.042500000
0.042540000
0.042580000
0.042620000
0.042660000
0.042700000
0.042740000
0.042780000
0.042820000
0.042860000
0.042900000
0.042940000
0.042980000
0.043020000
0.043060000
0.043100000
0.043140000
0.043180000
0.043220000
0.043260000
0.043300000
0.043340000
0.043380000
0.043420000
0.043460000
0.043500000
0.043540000
0.043580000
0.043620000
0.043660000
0.043700000
0.043740000
0.043780000
0.043820000
0.043860000
0.043900000
0.043940000
0.043980000
0.044020000
0.044060000
0.044100000
0.044140000
0.044180000
0.044220000
0.044260000
0.044300000
0.044340000
0.044380000
0.044420000
0.044460000
0.044500000
0.044540000
0.044580000
0.044620000
0.044660000
0.044700000
0.044740000
0.044780000
0.044820000
0.044860000
0.044900000
0.044940000
0.044980000
0.045020000
0.045060000
0.045100000
0.045140000
0.045180000
0.045220000
0.045260000
0.045300000
0.045340000
0.045380000
0.045420000
0.045460000
0.045500000
0.045540000
0.045580000
0.045620000
0.045660000
0.045700000
0.045740000
0.045780000
0.045820000
0.045860000
0.045900000
0.045940000
0.045980000
0.046020000
0.046060000
0.046100000
0.046140000
0.046180000
0.046220000
0.046260000
0.046300000
0.046340000
0.046380000
0.046420000
0.046460000
0.046500000
0.046540000
0.046580000
0.046620000
0.046660000
0.046700000
0.046740000
0.046780000
0.046820000
0.046860000
0.046900000
0.046940000
0.046980000
0.047020000
0.047060000
0.047100000
0.047140000
0.047180000
0.047220000
0.047260000
0.047300000
0.047340000
0.047380000
0.047420000
0.047460000
0.047500000
0.047540000
0.047580000
0.047620000
0.047660000
0.047700000
0.047740000
0.047780000
0.047820000
0.047860000
0.047900000
0.047940000
0.047980000
0.048020000
0.048060000
0.048100000
0.048140000
0.048180000
0.048220000
0.048260000
0.048300000
0.048340000
0.048380000
0.048420000
0.048460000
0.048500000
0.048540000
0.048580000
0.048620000
0.048660000
0.048700000
0.048740000
0.048780000
0.048820000
0.048860000
0.048900000
0.048940000
0.048980000
0.049020000
0.049060000
0.049100000
0.049140000
0.049180000
0.049220000
0.049260000
0.049300000
0.049340000
0.049380000
0.049420000
0.049460000
0.049500000
0.049540000
0.049580000
0.049620000
0.049660000
0.049700000
0.049740000
0.049780000
0.049820000
0.049860000
0.049900000
0.049940000
0.049980000
0.050020000
0.050060000
0.050100000
0.050140000
0.050180000
0.050220000
0.050260000
0.050300000
0.050340000
0.050380000
0.050420000
0.050460000
0.050500000
0.050540000
0.050580000
0.050620000
0.050660000
0.050700000
0.050740000
0.050780000
0.050820000
0.050860000
0.050900000
0.050940000
0.050980000
0.051020000
0.051060000
0.051100000
0.051140000
0.051180000
0.051220000
0.051260000
0.051300000
0.051340000
0.051380000
0.051420000
0.051460000
0.051500000
0.051540000
0.051580000
0.051620000
0.051660000
0.051700000
0.051740000
0.051780000
0.051820000
0.051860000
0.051900000
0.051940000
0.051980000
0.052020000
0.052060000
0.052100000
0.052140000
0.052180000
0.052220000
0.052260000
0.052300000
0.052340000
0.052380000
0.052420000
0.052460000
0.052500000
0.052540000
0.052580000
0.052620000
0.052660000
0.052700000
0.052740000
0.052780000
0.052820000
0.052860000
0.052900000
0.052940000
0.052980000
0.053020000
0.053060000
0.053100000
0.053140000
0.053180000
0.053220000
0.053260000
0.053300000
0.053340000
0.053380000
0.053420000
0.053460000
0.053500000
0.053540000
0.053580000
0.053620000
0.053660000
0.053700000
0.053740000
0.053780000
0.053820000
0.053860000
0.053900000
0.053940000
0.053980000
0.054020000
0.054060000
0.054100000
0.054140000
0.054180000
0.054220000
0.054260000
0.054300000
0.054340000
0.054380000
0.054420000
0.054460000
0.054500000
0.054540000
0.054580000
0.054620000
0.054660000
0.054700000
0.054740000
0.054780000
0.054820000
0.054860000
0.054900000
0.054940000
0.054980000
0.055020000
0.055060000
0.055100000
0.055140000
0.055180000
0.055220000
0.055260000
0.055300000
0.055340000
0.055380000
0.055420000
0.055460000
0.055500000
0.055540000
0.055580000
0.055620000
0.055660000
0.055700000
0.055740000
0.055780000
0.055820000
0.055860000
0.055900000
0.055940000
0.055980000
0.056020000
0.056060000
0.056100000
0.056140000
0.056180000
0.056220000
0.056260000
0.056300000
0.056340000
0.056380000
0.056420000
0.056460000
0.056500000
0.056540000
0.056580000
0.056620000
0.056660000
0.056700000
0.056740000
0.056780000
0.056820000
0.056860000
0.056900000
0.056940000
0.056980000
0.057020000
0.057060000
0.057100000
0.057140000
0.057180000
0.057220000
0.057260000
0.057300000
0.057340000
0.057380000
0.057420000
0.057460000
0.057500000
0.057540000
0.057580000
0.057620000
0.057660000
0.057700000
0.057740000
0.057780000
0.057820000
0.057860000
0.057900000
0.057940000
0.057980000
0.058020000
0.058060000
0.058100000
0.058140000
0.058180000
0.058220000
0.058260000
0.058300000
0.058340000
0.058380000
0.058420000
0.058460000
0.058500000
0.058540000
0.058580000
0.058620000
0.058660000
0.058700000
0.058740000
0.058780000
0.058820000
0.058860000
0.058900000
0.058940000
0.058980000
0.059020000
0.059060000
0.059100000
0.059140000
0.059180000
0.059220000
0.059260000
0.059300000
0.059340000
0.059380000
0.059420000
0.059460000
0.059500000
0.059540000
0.059580000
0.059620000
0.059660000
0.059700000
0.059740000
0.059780000
0.059820000
0.059860000
0.059900000
0.059940000
0.059980000
0.060020000
0.060060000
0.060100000
0.060140000
0.060180000
0.060220000
0.060260000
0.060300000
0.060340000
0.060380000
0.060420000
0.060460000
0.060500000
0.060540000
0.060580000
0.060620000
0.060660000
0.060700000
0.060740000
0.060780000
0.060820000
0.060860000
0.060900000
0.060940000
0.060980000
0.061020000
0.061060000
0.061100000
0.061140000
0.061180000
0.061220000
0.061260000
0.061300000
0.061340000
0.061380000
0.061420000
0.061460000
0.061500000
0.061540000
0.061580000
0.061620000
0.061660000
0.061700000
0.061740000
0.061780000
0.061820000
0.061860000
0.061900000
0.061940000
0.061980000
0.062020000
0.062060000
0.062100000
0.062140000
0.062180000
0.062220000
0.062260000
0.062300000
0.062340000
0.062380000
0.062420000
0.062460000
0.062500000
0.062540000
0.062580000
0.062620000
0.062660000
0.062700000
0.062740000
0.062780000
0.062820000
0.062860000
0.062900000
0.062940000
0.062980000
0.063020000
0.063060000
0.063100000
0.063140000
0.063180000
0.063220000
0.063260000
0.063300000
0.063340000
0.063380000
0.063420000
0.063460000
0.063500000
0.063540000
0.063580000
0.063620000
0.063660000
0.063700000
0.063740000
0.063780000
0.063820000
0.063860000
0.063900000
0.063940000
0.063980000
0.064020000
0.064060000
0.064100000
0.064140000
0.064180000
0.064220000
0.064260000
0.064300000
0.064340000
0.064380000
0.064420000
0.064460000
0.064500000
0.064540000
0.064580000
0.064620000
0.064660000
0.064700000
0.064740000
0.064780000
0.064820000
0.064860000
0.064900000
0.064940000
0.064980000
0.065020000
0.065060000
0.065100000
0.065140000
0.065180000
0.065220000
0.065260000
0.065300000
0.065340000
0.065380000
0.065420000
0.065460000
0.065500000
0.065540000
0.065580000
0.065620000
0.065660000
0.065700000
0.065740000
0.065780000
0.065820000
0.065860000
0.065900000
0.065940000
0.065980000
0.066020000
0.066060000
0.066100000
0.066140000
0.066180000
0.066220000
0.066260000
0.066300000
0.066340000
0.066380000
0.066420000
0.066460000
0.066500000
0.066540000
0.066580000
0.066620000
0.066660000
0.066700000
0.066740000
0.066780000
0.066820000
0.066860000
0.066900000
0.066940000
0.066980000
0.067020000
0.067060000
0.067100000
0.067140000
0.067180000
0.067220000
0.067260000
0.067300000
0.067340000
0.067380000
0.067420000
0.067460000
0.067500000
0.067540000
0.067580000
0.067620000
0.067660000
0.067700000
0.067740000
0.067780000
0.067820000
0.067860000
0.067900000
0.067940000
0.067980000
0.068020000
0.068060000
0.068100000
0.068140000
0.068180000
0.068220000
0.068260000
0.068300000
0.068340000
0.068380000
0.068420000
0.068460000
0.068500000
0.068540000
0.068580000
0.068620000
0.068660000
0.068700000
0.068740000
0.068780000
0.068820000
0.068860000
0.068900000
0.068940000
0.068980000
0.069020000
0.069060000
0.069100000
0.069140000
0.069180000
0.069220000
0.069260000
0.069300000
0.069340000
0.069380000
0.069420000
0.069460000
0.069500000
0.069540000
0.069580000
0.069620000
0.069660000
0.069700000
0.069740000
0.069780000
0.069820000
0.069860000
0.069900000
0.069940000
0.069980000
0.070020000
0.070060000
0.070100000
0.070140000
0.070180000
0.070220000
0.070260000
0.070300000
0.070340000
0.070380000
0.070420000
0.070460000
0.070500000
0.070540000
0.070580000
0.070620000
0.070660000
0.070700000
0.070740000
0.070780000
0.070820000
0.070860000
0.070900000
0.070940000
0.070980000
0.071020000
0.071060000
0.071100000
0.071140000
0.071180000
0.071220000
0.071260000
0.071300000
0.071340000
0.071380000
0.071420000
0.071460000
0.071500000
0.071540000
0.071580000
0.071620000
0.071660000
0.071700000
0.071740000
0.071780000
0.071820000
0.071860000
0.071900000
0.071940000
0.071980000
0.072020000
0.072060000
0.072100000
0.072140000
0.072180000
0.072220000
0.072260000
0.072300000
0.072340000
0.072380000
0.072420000
0.072460000
0.072500000
0.072540000
0.072580000
0.072620000
0.072660000
0.072700000
0.072740000
0.072780000
0.072820000
0.072860000
0.072900000
0.072940000
0.072980000
0.073020000
0.073060000
0.073100000
0.073140000
0.073180000
0.073220000
0.073260000
0.073300000
0.073340000
0.073380000
0.073420000
0.073460000
0.073500000
0.073540000
0.073580000
0.073620000
0.073660000
0.073700000
0.073740000
0.073780000
0.073820000
0.073860000
0.073900000
0.073940000
0.073980000
0.074020000
0.074060000
0.074100000
0.074140000
0.074180000
0.074220000
0.074260000
0.074300000
0.074340000
0.074380000
0.074420000
0.074460000
0.074500000
0.074540000
0.074580000
0.074620000
0.074660000
0.074700000
0.074740000
0.074780000
0.074820000
0.074860000
0.074900000
0.074940000
0.074980000
0.075020000
0.075060000
0.075100000
0.075140000
0.075180000
0.075220000
0.075260000
0.075300000
0.075340000
0.075380000
0.075420000
0.075460000
0.075500000
0.075540000
0.075580000
0.075620000
0.075660000
0.075700000
0.075740000
0.075780000
0.075820000
0.075860000
0.075900000
0.075940000
0.075980000
0.076020000
0.076060000
0.076100000
0.076140000
0.076180000
0.076220000
0.076260000
0.076300000
0.076340000
0.076380000
0.076420000
0.076460000
0.076500000
0.076540000
0.076580000
0.076620000
0.076660000
0.076700000
0.076740000
0.076780000
0.076820000
0.076860000
0.076900000
0.076940000
0.076980000
0.077020000
0.077060000
0.077100000
0.077140000
0.077180000
0.077220000
0.077260000
0.077300000
0.077340000
0.077380000
0.077420000
0.077460000
0.077500000
0.077540000
0.077580000
0.077620000
0.077660000
0.077700000
0.077740000
0.077780000
0.077820000
0.077860000
0.077900000
0.077940000
0.077980000
0.078020000
0.078060000
0.078100000
0.078140000
0.078180000
0.078220000
0.078260000
0.078300000
0.078340000
0.078380000
0.078420000
0.078460000
0.078500000
0.078540000
0.078580000
0.078620000
0.078660000
0.078700000
0.078740000
0.078780000
0.078820000
0.078860000
0.078900000
0.078940000
0.078980000
0.079020000
0.079060000
0.079100000
0.079140000
0.079180000
0.079220000
0.079260000
0.079300000
0.079340000
0.079380000
0.079420000
0.079460000
0.079500000
0.079540000
0.079580000
0.079620000
0.079660000
0.079700000
0.079740000
0.079780000
0.079820000
0.079860000
0.079900000
0.079940000
0.079980000
0.080020000
0.080060000
0.080100000
0.080140000
0.080180000
0.080220000
0.080260000
0.080300000
0.080340000
0.080380000
0.080420000
0.080460000
0.080500000
0.080540000
0.080580000
0.080620000
0.080660000
0.080700000
0.080740000
0.080780000
0.080820000
0.080860000
0.080900000
0.080940000
0.080980000
0.081020000
0.081060000
0.081100000
0.081140000
0.081180000
0.081220000
0.081260000
0.081300000
0.081340000
0.081380000
0.081420000
0.081460000
0.081500000
0.081540000
0.081580000
0.081620000
0.081660000
0.081700000
0.081740000
0.081780000
0.081820000
0.081860000
0.081900000
0.081940000
0.081980000
0.082020000
0.082060000
0.082100000
0.082140000
0.082180000
0.082220000
0.082260000
0.082300000
0.082340000
0.082380000
0.082420000
0.082460000
0.082500000
0.082540000
0.082580000
0.082620000
0.082660000
0.082700000
0.082740000
0.082780000
0.082820000
0.082860000
0.082900000
0.082940000
0.082980000
0.083020000
0.083060000
0.083100000
0.083140000
0.083180000
0.083220000
0.083260000
0.083300000
0.083340000
0.083380000
0.083420000
0.083460000
0.083500000
0.083540000
0.083580000
0.083620000
0.083660000
0.083700000
0.083740000
0.083780000
0.083820000
0.083860000
0.083900000
0.083940000
0.083980000
0.084020000
0.084060000
0.084100000
0.084140000
0.084180000
0.084220000
0.084260000
0.084300000
0.084340000
0.084380000
0.084420000
0.084460000
0.084500000
0.084540000
0.084580000
0.084620000
0.084660000
0.084700000
0.084740000
0.084780000
0.084820000
0.084860000
0.084900000
0.084940000
0.084980000
0.085020000
0.085060000
0.085100000
0.085140000
0.085180000
0.085220000
0.085260000
0.085300000
0.085340000
0.085380000
0.085420000
0.085460000
0.085500000
0.085540000
0.085580000
0.085620000
0.085660000
0.085700000
0.085740000
0.085780000
0.085820000
0.085860000
0.085900000
0.085940000
0.085980000
0.086020000
0.086060000
0.086100000
0.086140000
0.086180000
0.086220000
0.086260000
0.086300000
0.086340000
0.086380000
0.086420000
0.086460000
0.086500000
0.086540000
0.086580000
0.086620000
0.086660000
0.086700000
0.086740000
0.086780000
0.086820000
0.086860000
0.086900000
0.086940000
0.086980000
0.087020000
0.087060000
0.087100000
0.087140000
0.087180000
0.087220000
0.087260000
0.087300000
0.087340000
0.087380000
0.087420000
0.087460000
0.087500000
0.087540000
0.087580000
0.087620000
0.087660000
0.087700000
0.087740000
0.087780000
0.087820000
0.087860000
0.087900000
0.087940000
0.087980000
0.088020000
0.088060000
0.088100000
0.088140000
0.088180000
0.088220000
0.088260000
0.088300000
0.088340000
0.088380000
0.088420000
0.088460000
0.088500000
0.088540000
0.088580000
0.088620000
0.088660000
0.088700000
0.088740000
0.088780000
0.088820000
0.088860000
0.088900000
0.088940000
0.088980000
0.089020000
0.089060000
0.089100000
0.089140000
0.089180000
0.089220000
0.089260000
0.089300000
0.089340000
0.089380000
0.089420000
0.089460000
0.089500000
0.089540000
0.089580000
0.089620000
0.089660000
0.089700000
0.089740000
0.089780000
0.089820000
0.089860000
0.089900000
0.089940000
0.089980000
0.090020000
0.090060000
0.090100000
0.090140000
0.090180000
0.090220000
0.090260000
0.090300000
0.090340000
0.090380000
0.090420000
0.090460000
0.090500000
0.090540000
0.090580000
0.090620000
0.090660000
0.090700000
0.090740000
0.090780000
0.090820000
0.090860000
0.090900000
0.090940000
0.090980000
0.091020000
0.091060000
0.091100000
0.091140000
0.091180000
0.091220000
0.091260000
0.091300000
0.091340000
0.091380000
0.091420000
0.091460000
0.091500000
0.091540000
0.091580000
0.091620000
0.091660000
0.091700000
0.091740000
0.091780000
0.091820000
0.091860000
0.091900000
0.091940000
0.091980000
0.092020000
0.092060000
0.092100000
0.092140000
0.092180000
0.092220000
0.092260000
0.092300000
0.092340000
0.092380000
0.092420000
0.092460000
0.092500000
0.092540000
0.092580000
0.092620000
0.092660000
0.092700000
0.092740000
0.092780000
0.092820000
0.092860000
0.092900000
0.092940000
0.092980000
0.093020000
0.093060000
0.093100000
0.093140000
0.093180000
0.093220000
0.093260000
0.093300000
0.093340000
0.093380000
0.093420000
0.093460000
0.093500000
0.093540000
0.093580000
0.093620000
0.093660000
0.093700000
0.093740000
0.093780000
0.093820000
0.093860000
0.093900000
0.093940000
0.093980000
0.094020000
0.094060000
0.094100000
0.094140000
0.094180000
0.094220000
0.094260000
0.094300000
0.094340000
0.094380000
0.094420000
0.094460000
0.094500000
0.094540000
0.094580000
0.094619999
0.094659998
0.094699996
0.094739991
0.094779984
0.094819973
0.094859956
0.094899933
0.094939902
0.094979862
0.095019810
0.095059744
0.095099663
0.095139563
0.095179443
0.095219300
0.095259131
0.095298933
0.095338703
0.095378438
0.095418134
0.095457788
0.095497396
0.095536954
0.095576457
0.095615903
0.095655287
0.095694604
0.095733852
0.095773026
0.095812121
0.095851135
0.095890063
0.095928900
0.095967644
0.096006290
0.096044833
0.096083271
0.096121599
0.096159812
0.096197908
0.096235882
0.096273729
0.096311447
0.096349031
0.096386476
0.096423780
0.096460938
0.096497945
0.096534799
0.096571495
0.096608030
0.096644400
0.096680602
0.096716633
0.096752490
0.096788170
0.096823671
0.096858989
0.096894124
0.096929072
0.096963831
0.096998400
0.097032777
0.097066961
0.097100949
0.097134742
0.097168338
0.097201735
0.097234934
0.097267933
0.097300733
0.097333333
0.097365733
0.097397933
0.097429933
0.097461733
0.097493333
0.097524733
0.097555933
0.097586933
0.097617733
0.097648333
0.097678733
0.097708933
0.097738933
0.097768733
0.097798333
0.097827733
0.097856933
0.097885933
0.097914733
0.097943333
0.097971733
0.097999933
0.098027933
0.098055733
0.098083333
0.098110733
0.098137933
0.098164933
0.098191733
0.098218333
0.098244733
0.098270933
0.098296933
0.098322733
0.098348333
0.098373733
0.098398933
0.098423933
0.098448733
0.098473333
0.098497733
0.098521933
0.098545933
0.098569733
0.098593333
0.098616733
0.098639933
0.098662933
0.098685733
0.098708333
0.098730733
0.098752933
0.098774933
0.098796733
0.098818333
0.098839733
0.098860933
0.098881933
0.098902733
0.098923333
0.098943733
0.098963933
0.098983933
0.099003733
0.099023333
0.099042733
0.099061933
0.099080933
0.099099733
0.099118333
0.099136733
0.099154933
0.099172933
0.099190733
0.099208333
0.099225733
0.099242933
0.099259933
0.099276733
0.099293333
0.099309733
0.099325933
0.099341933
0.099357733
0.099373333
0.099388733
0.099403933
0.099418933
0.099433733
0.099448333
0.099462733
0.099476933
0.099490933
0.099504733
0.099518333
0.099531733
0.099544933
0.099557933
0.099570733
0.099583333
0.099595733
0.099607933
0.099619933
0.099631733
0.099643333
0.099654733
0.099665933
0.099676933
0.099687733
0.099698333
0.099708733
0.099718933
0.099728933
0.099738733
0.099748333
0.099757733
0.099766933
0.099775933
0.099784733
0.099793333
0.099801733
0.099809933
0.099817933
0.099825733
0.099833333
0.099840733
0.099847933
0.099854934
0.099861735
0.099868338
0.099874742
0.099880949
0.099886961
0.099892777
0.099898400
0.099903831
0.099909072
0.099914124
0.099918989
0.099923671
0.099928170
0.099932490
0.099936633
0.099940602
0.099944400
0.099948030
0.099951495
0.099954799
0.099957945
0.099960938
0.099963780
0.099966476
0.099969031
0.099971447
0.099973729
0.099975882
0.099977908
0.099979812
0.099981599
0.099983271
0.099984833
0.099986290
0.099987644
0.099988900
0.099990063
0.099991135
0.099992121
0.099993026
0.099993852
0.099994604
0.099995287
0.099995903
0.099996457
0.099996954
0.099997396
0.099997788
0.099998134
0.099998438
0.099998703
0.099998933
0.099999131
0.099999300
0.099999443
0.099999563
0.099999663
0.099999744
0.099999810
0.099999862
0.099999902
0.099999933
0.099999956
0.099999973
0.099999984
0.099999991
0.099999996
0.099999998
0.099999999
0.100000000
0.100000000
0.100000000
