0.000000000
0.000000133
0.000001067
0.000003600
0.000008533
0.000016667
0.000028800
0.000045733
0.000068267
0.000097200
0.000133333
0.000177467
0.000230400
0.000292933
0.000365867
0.000450000
0.000546133
0.000655067
0.000777600
0.000914533
0.001066667
0.001234800
0.001419733
0.001622267
0.001843200
0.002083333
0.002343333
0.002623333
0.002923333
0.003243333
0.003583333
0.003943333
0.004323333
0.004723333
0.005143333
0.005583333
0.006043333
0.006523333
0.007023333
0.007543333
0.008083333
0.008643333
0.009223333
0.009823333
0.010443333
0.011083333
0.011743333
0.012423333
0.013123333
0.013843333
0.014583333
0.015343200
0.016122267
0.016919733
0.017734800
0.018566667
0.019414533
0.020277600
0.021155067
0.022046133
0.022950000
0.023865867
0.024792933
0.025730400
0.026677467
0.027633333
0.028597200
0.029568267
0.030545733
0.031528800
0.032516667
0.033508533
0.034503600
0.035501067
0.036500133
0.037500000
0.038500000
0.039500000
0.040500000
0.041500000
0.042500000
0.043500000
0.044500000
0.045500000
0.046500000
0.047500000
0.048500000
0.049500000
0.050500000
0.051500000
0.052500000
0.053500000
0.054500000
0.055500000
0.056500000
0.057500000
0.058500000
0.059500000
0.060500000
0.061500000
0.062500000
0.063500000
0.064500000
0.065500000
0.066500000
0.067500000
0.068500000
0.069500000
0.070500000
0.071500000
0.072500000
0.073500000
0.074500000
0.075500000
0.076500000
0.077500000
0.078500000
0.079500000
0.080500000
0.081500000
0.082500000
0.083500000
0.084500000
0.085500000
0.086500000
0.087500000
0.088500000
0.089500000
0.090500000
0.091500000
0.092500000
0.093500000
0.094500000
0.095500000
0.096500000
0.097500000
0.098500000
0.099500000
0.100500000
0.101500000
0.102500000
0.103500000
0.104500000
0.105500000
0.106500000
0.107500000
0.108500000
0.109500000
0.110500000
0.111500000
0.112500000
0.113500000
0.114500000
0.115500000
0.116500000
0.117500000
0.118500000
0.119500000
0.120500000
0.121500000
0.122500000
0.123500000
0.124500000
0.125500000
0.126500000
0.127500000
0.128500000
0.129500000
0.130500000
0.131500000
0.132500000
0.133500000
0.134500000
0.135500000
0.136500000
0.137500000
0.138500000
0.139500000
0.140500000
0.141500000
0.142500000
0.143500000
0.144500000
0.145500000
0.146500000
0.147500000
0.148500000
0.149500000
0.150500000
0.151500000
0.152500000
0.153500000
0.154500000
0.155500000
0.156500000
0.157500000
0.158500000
0.159500000
0.160500000
0.161500000
0.162500000
0.163499867
0.164498933
0.165496400
0.166491467
0.167483333
0.168471200
0.169454267
0.170431733
0.171402800
0.172366667
0.173322533
0.174269600
0.175207067
0.176134133
0.177050000
0.177953867
0.178844933
0.179722400
0.180585467
0.181433333
0.182265200
0.183080267
0.183877733
0.184656800
0.185416667
0.186156667
0.186876667
0.187576667
0.188256667
0.188916667
0.189556667
0.190176667
0.190776667
0.191356667
0.191916667
0.192456667
0.192976667
0.193476667
0.193956667
0.194416667
0.194856667
0.195276667
0.195676667
0.196056667
0.196416667
0.196756667
0.197076667
0.197376667
0.197656667
0.197916667
0.198156800
0.198377733
0.198580267
0.198765200
0.198933333
0.199085467
0.199222400
0.199344933
0.199453867
0.199550000
0.199634133
0.199707067
0.199769600
0.199822533
0.199866667
0.199902800
0.199931733
0.199954267
0.199971200
0.199983333
0.199991467
0.199996400
0.199998933
0.199999867
0.200000000
0.200000000
0.200000000
0.200000000
0.200000000
0.200000000
0.200000000
0.200000000
0.200000000
0.200000000
0.200000000
0.200000000
0.200000000
0.200000000
0.200000000
0.200000000
0.200000000
0.200000000
0.200000000
0.200000000
0.200000000
0.200000000
0.200000000
0.200000000
0.200000000
0.200000000
0.200000000
0.200000000
0.200000000
0.200000000
0.200000000
0.200000000
0.200000000
0.200000000
0.200000000
0.200000000
0.200000000
0.200000000
0.200000000
0.200000000
0.200000000
0.200000000
0.200000000
0.200000000
0.200000000
0.200000000
0.200000000
0.200000000
0.200000000
0.200000000
0.200000000
0.200000000
0.200000000
0.200000000
0.200000000
0.200000000
0.200000000
0.200000000
0.200000000
0.200000000
0.200000000
0.200000000
0.200000000
0.200000000
0.200000000
0.200000000
0.200000000
0.200000000
0.200000000
0.200000000
0.200000000
0.200000000
0.200000000
0.200000000
0.200000000
0.200000000
0.200000000
0.200000000
0.200000000
0.200000000
0.200000000
0.200000000
0.200000000
0.200000000
0.200000000
0.200000000
0.200000000
0.200000000
0.200000000
0.200000000
0.200000000
0.200000000
0.200000000
0.200000000
0.200000000
0.200000000
0.200000000
0.200000000
0.200000000
0.200000000
0.200000000
0.200000000
0.200000000
0.200000000
0.200000000
0.200000000
0.200000000
0.200000000
0.200000000
0.200000000
0.200000000
0.200000000
0.200000000
0.200000000
0.200000000
0.200000000
0.200000000
0.200000000
0.200000000
0.200000000
0.200000000
0.200000000
0.200000000
0.200000000
0.200000000
0.200000000
0.200000000
0.200000000
0.200000000
0.200000000
0.200000000
0.200000000
0.200000000
0.200000000
0.200000000
0.200000000
0.200000000
0.200000000
0.200000000
0.200000000
0.200000000
0.200000000
0.200000000
0.200000000
0.200000000
0.200000000
0.200000000
0.200000000
0.200000000
0.200000000
0.200000000
0.200000000
0.200000000
0.200000000
0.200000000
0.200000000
0.200000000
0.200000000
0.200000000
0.200000000
0.200000000
0.200000000
0.200000000
0.200000000
0.200000000
0.200000000
0.200000000
0.200000000
0.200000000
0.200000000
0.200000000
0.200000000
0.200000000
0.200000000
0.200000000
0.200000000
0.200000000
0.200000000
0.200000000
0.200000000
0.200000000
0.200000000
0.200000000
0.200000000
0.200000000
0.200000000
0.200000000
0.200000000
0.200000000
0.200000000
0.200000000
0.200000000
0.200000000
0.200000000
0.200000000
0.200000000
0.200000000
0.200000000
0.200000000
0.200000000
0.200000000
0.200000000
0.200000000
0.200000000
0.200000000
0.200000000
0.200000000
0.200000000
0.200000000
0.200000000
0.200000000
0.200000000
0.200000000
0.200000000
0.200000000
0.200000000
0.200000000
0.200000000
0.200000000
0.200000000
0.200000000
0.200000000
0.200000000
0.200000000
0.200000000
0.200000000
0.200000000
0.200000000
0.200000000
0.200000000
0.200000000
0.200000000
0.200000000
0.200000000
0.200000000
0.200000000
0.200000000
0.200000000
0.200000000
0.200000000
0.200000000
0.200000000
0.200000000
0.200000000
0.200000000
0.200000000
0.200000000
0.200000000
0.200000000
0.200000000
0.200000000
0.200000000
0.200000000
0.200000000
0.200000000
0.200000000
0.200000000
0.200000000
0.200000000
0.200000000
0.200000000
0.200000000
0.200000000
0.200000000
0.200000000
0.200000000
0.200000000
0.200000000
0.200000000
0.200000000
0.200000000
0.200000000
0.200000000
0.200000000
0.200000000
0.200000000
0.200000000
0.200000000
0.200000000
0.200000000
0.200000000
0.200000000
0.200000000
0.200000000
0.200000000
0.200000000
0.200000000
0.200000000
0.200000000
0.200000000
0.200000000
0.200000000
0.200000000
0.200000000
0.200000000
0.200000000
0.200000000
0.200000000
0.200000000
0.200000000
0.200000000
0.200000000
0.200000000
0.200000000
0.200000000
0.200000000
0.200000000
0.200000000
0.200000000
0.200000000
0.200000000
0.200000000
0.200000000
0.200000000
0.200000000
0.200000000
0.200000000
0.200000000
0.200000000
0.200000000
0.200000000
0.200000000
0.200000000
0.200000000
0.200000000
0.200000000
0.200000000
0.200000000
0.200000000
0.200000000
0.200000000
0.200000000
0.200000000
0.200000000
0.200000000
0.200000000
0.200000000
0.200000000
0.200000000
0.200000000
0.200000000
0.200000000
0.200000000
0.200000000
0.200000000
0.200000000
0.200000000
0.200000000
0.200000000
0.200000000
0.200000000
0.200000000
0.200000000
0.200000000
0.200000000
0.200000000
0.200000000
0.200000000
0.200000000
0.200000000
0.200000000
0.200000000
0.200000000
0.200000000
0.200000000
0.200000000
0.200000000
0.200000000
0.200000000
0.200000000
0.200000000
0.200000000
0.200000000
0.200000000
0.200000000
0.200000000
0.200000000
0.200000000
0.200000000
0.200000000
0.200000000
0.200000000
0.200000000
0.200000000
0.200000000
0.200000000
0.200000000
0.200000000
0.200000000
0.200000000
0.200000000
0.200000000
0.200000000
0.200000000
0.200000000
0.200000000
0.200000000
0.200000000
0.200000000
0.200000000
0.200000000
0.200000000
0.200000000
0.200000000
0.200000000
0.200000000
0.200000000
0.200000000
0.200000000
0.200000000
0.200000000
0.200000000
0.200000000
0.200000000
0.200000000
0.200000000
0.200000000
0.200000000
0.200000000
0.200000000
0.200000000
0.200000000
0.200000000
0.200000000
0.200000000
0.200000000
0.200000000
0.200000000
0.200000000
0.200000000
0.200000000
0.200000000
0.200000000
0.200000000
0.200000000
0.200000000
0.200000000
0.200000000
0.200000000
0.200000000
0.200000000
0.200000000
0.200000000
0.200000000
0.200000000
0.200000000
0.200000000
0.200000000
0.200000000
0.200000000
0.200000000
0.200000000
0.200000000
0.200000000
0.200000000
0.200000000
0.200000000
0.200000000
0.200000000
0.200000000
0.200000000
0.200000000
0.200000000
0.200000000
0.200000000
0.200000000
0.200000000
0.200000000
0.200000000
0.200000000
0.200000000
0.200000000
0.200000000
0.200000000
0.200000000
0.200000000
0.200000000
0.200000000
0.200000000
0.200000000
0.200000000
0.200000000
0.200000000
0.200000000
0.200000000
0.200000000
0.200000000
0.200000000
0.200000000
0.200000000
0.200000000
0.200000000
0.200000000
0.200000000
0.200000000
0.200000000
0.200000000
0.200000000
0.200000000
0.200000000
0.200000000
0.200000000
0.200000000
0.200000000
0.200000000
0.200000000
0.200000000
0.200000000
0.200000000
0.200000000
0.200000000
0.200000000
0.200000000
0.200000000
0.200000000
0.200000000
0.200000000
0.200000000
0.200000000
0.200000000
0.200000000
0.200000000
0.200000000
0.200000000
0.200000000
0.200000000
0.200000000
0.200000000
0.200000000
0.200000000
0.200000000
0.200000000
0.200000000
0.200000000
0.200000000
0.200000000
0.200000000
0.200000000
0.200000000
0.200000000
0.200000000
0.200000000
0.200000000
0.200000000
0.200000000
0.200000000
0.200000000
0.200000000
0.200000000
0.200000000
0.200000000
0.200000000
0.200000000
0.200000000
0.200000000
0.200000000
0.200000000
0.200000000
0.200000000
0.200000000
0.200000000
0.200000000
0.200000000
0.200000000
0.200000000
0.200000000
0.200000000
0.200000000
0.200000000
0.200000000
0.200000000
0.200000000
0.200000000
0.200000000
0.200000000
0.200000000
0.200000000
0.200000000
0.200000000
0.200000000
0.200000000
0.200000000
0.200000000
0.200000000
0.200000000
0.200000000
0.200000000
0.200000000
0.200000000
0.200000000
0.200000000
0.200000000
0.200000000
0.200000000
0.200000000
0.200000000
0.200000000
0.200000000
0.200000000
0.200000000
0.200000000
0.200000000
0.200000000
0.200000000
0.200000000
0.200000000
0.200000000
0.200000000
0.200000000
0.200000000
0.200000000
0.200000000
0.200000000
0.200000000
0.200000000
0.200000000
0.200000000
0.200000000
0.200000000
0.200000000
0.200000000
0.200000000
0.200000000
0.200000000
0.200000000
0.200000000
0.200000000
0.200000000
0.200000000
0.200000000
0.200000000
0.200000000
0.200000000
0.200000000
0.200000000
0.200000000
0.200000000
0.200000000
0.200000000
0.200000000
0.200000000
0.200000000
0.200000000
0.200000000
0.200000000
0.200000000
0.200000000
0.200000000
0.200000000
0.200000000
0.200000000
0.200000000
0.200000000
0.200000000
0.200000000
0.200000000
0.200000000
0.200000000
0.200000000
0.200000000
0.200000000
0.200000000
0.200000000
0.200000000
0.200000000
0.200000000
0.200000000
0.200000000
0.200000000
0.200000000
0.200000000
0.200000000
0.200000000
0.200000000
0.200000000
0.200000000
0.200000000
0.200000000
0.200000000
0.200000000
0.200000000
0.200000000
0.200000000
0.200000000
0.200000000
0.200000000
0.200000000
0.200000000
0.200000000
0.200000000
0.200000000
0.200000000
0.200000000
0.200000000
0.200000000
0.200000000
0.200000000
0.200000000
0.200000000
0.200000000
0.200000000
0.200000000
0.200000000
0.200000000
0.200000000
0.200000000
0.200000000
0.200000000
0.200000000
0.200000000
0.200000000
0.200000000
0.200000000
0.200000000
0.200000000
0.200000000
0.200000000
0.200000000
0.200000000
0.200000000
0.200000000
0.200000000
0.200000000
0.200000000
0.200000000
0.200000000
0.200000000
0.200000000
0.200000000
0.200000000
0.200000000
0.200000000
0.200000000
0.200000000
0.200000000
0.200000000
0.200000000
0.200000000
0.200000000
0.200000000
0.200000000
0.200000000
0.200000000
0.200000000
0.200000000
0.200000000
0.200000000
0.200000000
0.200000000
0.200000000
0.200000000
0.200000000
0.200000000
0.200000000
0.200000000
0.200000000
0.200000000
0.200000000
0.200000000
0.200000000
0.200000000
0.200000000
0.200000000
0.200000000
0.200000000
0.200000000
0.200000000
0.200000000
0.200000000
0.200000000
0.200000000
0.200000000
0.200000000
0.200000000
0.200000000
0.200000000
0.200000000
0.200000000
0.200000000
0.200000000
0.200000000
0.200000000
0.200000000
0.200000000
0.200000000
0.200000000
0.200000000
0.200000000
0.200000000
0.200000000
0.200000000
0.200000000
0.200000000
0.200000000
0.200000000
0.200000000
0.200000000
0.200000000
0.200000000
0.200000000
0.200000000
0.200000000
0.200000000
0.200000000
0.200000000
0.200000000
0.200000000
0.200000000
0.200000000
0.200000000
0.200000000
0.200000000
0.200000000
0.200000000
0.200000000
0.200000000
0.200000000
0.200000000
0.200000000
0.200000000
0.200000000
0.200000000
0.200000000
0.200000000
0.200000000
0.200000000
0.200000000
0.200000000
0.200000000
0.200000000
0.200000000
0.200000000
0.200000000
0.200000000
0.200000000
0.200000000
0.200000000
0.200000000
0.200000000
0.200000000
0.200000000
0.200000000
0.200000000
0.200000000
0.200000000
0.200000000
0.200000000
0.200000000
0.200000000
0.200000000
0.200000000
0.200000000
0.200000000
0.200000000
0.200000000
0.200000000
0.200000000
0.200000000
0.200000000
0.200000000
0.200000000
0.200000000
0.200000000
0.200000000
0.200000000
0.200000000
0.200000000
0.200000000
0.200000000
0.200000000
0.200000000
0.200000000
0.200000000
0.200000000
0.200000000
0.200000000
0.200000000
0.200000000
0.200000000
0.200000000
0.200000000
0.200000000
0.200000000
0.200000000
0.200000000
0.200000000
0.200000000
0.200000000
0.200000000
0.200000000
0.200000000
0.200000000
0.200000000
0.200000000
0.200000000
0.200000000
0.200000000
0.200000000
0.200000000
0.200000000
0.200000000
0.200000000
0.200000000
0.200000000
0.200000000
0.200000000
0.200000000
0.200000000
0.200000000
0.200000000
0.200000000
0.200000000
0.200000000
0.200000000
0.200000000
0.200000000
0.200000000
0.200000000
0.200000000
0.200000000
0.200000000
0.200000000
0.200000000
0.200000000
0.200000000
0.200000000
0.200000000
0.200000000
0.200000000
0.200000000
0.200000000
0.200000000
0.200000000
0.200000000
0.200000000
0.200000000
0.200000000
0.200000000
0.200000000
0.200000000
0.200000000
0.200000000
0.200000000
0.200000000
0.200000000
0.200000000
0.200000000
0.200000000
0.200000000
0.200000000
0.200000000
0.200000000
0.200000000
0.200000000
0.200000000
0.200000000
0.200000000
0.200000000
0.200000000
0.200000000
0.200000000
0.200000000
0.200000000
0.200000000
0.200000000
0.200000000
0.200000000
0.200000000
0.200000000
0.200000000
0.200000000
0.200000000
0.200000000
0.200000000
0.200000000
0.200000000
0.200000000
0.200000000
0.200000000
0.200000000
0.200000000
0.200000000
0.200000000
0.200000000
0.200000000
0.200000000
0.200000000
0.200000000
0.200000000
0.200000000
0.200000000
0.200000000
0.200000000
0.200000000
0.200000000
0.200000000
0.200000000
0.200000000
0.200000000
0.200000000
0.200000000
0.200000000
0.200000000
0.200000000
0.200000000
0.200000000
0.200000000
0.200000000
0.200000000
0.200000000
0.200000000
0.200000000
0.200000000
0.200000000
0.200000000
0.200000000
0.200000000
0.200000000
0.200000000
0.200000000
0.200000000
0.200000000
0.200000000
0.200000000
0.200000000
0.200000000
0.200000000
0.200000000
0.200000000
0.200000000
0.200000000
0.200000000
0.200000000
0.200000000
0.200000000
0.200000000
0.200000000
0.200000000
0.200000000
0.200000000
0.200000000
0.200000000
0.200000000
0.200000000
0.200000000
0.200000000
0.200000000
0.200000000
0.200000000
0.200000000
0.200000000
0.200000000
0.200000000
0.200000000
0.200000000
0.200000000
0.200000000
0.200000000
0.200000000
0.200000000
0.200000000
0.200000000
0.200000000
0.200000000
0.200000000
0.200000000
0.200000000
0.200000000
0.200000000
0.200000000
0.200000000
0.200000000
0.200000000
0.200000000
0.200000000
0.200000000
0.200000000
0.200000000
0.200000000
0.200000000
0.200000000
0.200000000
0.200000000
0.200000000
0.200000000
0.200000000
0.200000000
0.200000000
0.200000000
0.200000000
0.200000000
0.200000000
0.200000000
0.200000000
0.200000000
0.200000000
0.200000000
0.200000000
0.200000000
0.200000000
0.200000000
0.200000000
0.200000000
0.200000000
0.200000000
0.200000000
0.200000000
0.200000000
0.200000000
0.200000000
0.200000000
0.200000000
0.200000000
0.200000000
0.200000000
0.200000000
0.200000000
0.200000000
0.200000000
0.200000000
0.200000000
0.200000000
0.200000000
0.200000000
0.200000000
0.200000000
0.200000000
0.200000000
0.200000000
0.200000000
0.200000000
0.200000000
0.200000000
0.200000000
0.200000000
0.200000000
0.200000000
0.200000000
0.200000000
0.200000000
0.200000000
0.200000000
0.200000000
0.200000000
0.200000000
0.200000000
0.200000000
0.200000000
0.200000000
0.200000000
0.200000000
0.200000000
0.200000000
0.200000000
0.200000000
0.200000000
0.200000000
0.200000000
0.200000000
0.200000000
0.200000000
0.200000000
0.200000000
0.200000000
0.200000000
0.200000000
0.200000000
0.200000000
0.200000000
0.200000000
0.200000000
0.200000000
0.200000000
0.200000000
0.200000000
0.200000000
0.200000000
0.200000000
0.200000000
0.200000000
0.200000000
0.200000000
0.200000000
0.200000000
0.200000000
0.200000000
0.200000000
0.200000000
0.200000000
0.200000000
0.200000000
0.200000000
0.200000000
0.200000000
0.200000000
0.200000000
0.200000000
0.200000000
0.200000000
0.200000000
0.200000000
0.200000000
0.200000000
0.200000000
0.200000000
0.200000000
0.200000000
0.200000000
0.200000000
0.200000000
0.200000000
0.200000000
0.200000000
0.200000000
0.200000000
0.200000000
0.200000000
0.200000000
0.200000000
0.200000000
0.200000000
0.200000000
0.200000000
0.200000000
0.200000000
0.200000000
0.200000000
0.200000000
0.200000000
0.200000000
0.200000000
0.200000000
0.200000000
0.200000000
0.200000000
0.200000000
0.200000000
0.200000000
0.200000000
0.200000000
0.200000000
0.200000000
0.200000000
0.200000000
0.200000000
0.200000000
0.200000000
0.200000000
0.200000000
0.200000000
0.200000000
0.200000000
0.200000000
0.200000000
0.200000000
0.200000000
0.200000000
0.200000000
0.200000000
0.200000000
0.200000000
0.200000000
0.200000000
0.200000000
0.200000000
0.200000000
0.200000000
0.200000000
0.200000000
0.200000000
0.200000000
0.200000000
0.200000000
0.200000000
0.200000000
0.200000000
0.200000000
0.200000000
0.200000000
0.200000000
0.200000000
0.200000000
0.200000000
0.200000000
0.200000000
0.200000000
0.200000000
0.200000000
0.200000000
0.200000000
0.200000000
0.200000000
0.200000000
0.200000000
0.200000000
0.200000000
0.200000000
0.200000000
0.200000000
0.200000000
0.200000000
0.200000000
0.200000000
0.200000000
0.200000000
0.200000000
0.200000000
0.200000000
0.200000000
0.200000000
0.200000000
0.200000000
0.200000000
0.200000000
0.200000000
0.200000000
0.200000000
0.200000000
0.200000000
0.200000000
0.200000000
0.200000000
0.200000000
0.200000000
0.200000000
0.200000000
0.200000000
0.200000000
0.200000000
0.200000000
0.200000000
0.200000000
0.200000000
0.200000000
0.200000000
0.200000000
0.200000000
0.200000000
0.200000000
0.200000000
0.200000000
0.200000000
0.200000000
0.200000000
0.200000000
0.200000000
0.200000000
0.200000000
0.200000000
0.200000000
0.200000000
0.200000000
0.200000000
0.200000000
0.200000000
0.200000000
0.200000000
0.200000000
0.200000000
0.200000000
0.200000000
0.200000000
0.200000000
0.200000000
0.200000000
0.200000000
0.200000000
0.200000000
0.200000000
0.200000000
0.200000000
0.200000000
0.200000000
0.200000000
0.200000000
0.200000000
0.200000000
0.200000000
0.200000000
0.200000000
0.200000000
0.200000000
0.200000000
0.200000000
0.200000000
0.200000000
0.200000000
0.200000000
0.200000000
0.200000000
0.200000000
0.200000000
0.200000000
0.200000000
0.200000000
0.200000000
0.200000000
0.200000000
0.200000000
0.200000000
0.200000000
0.200000000
0.200000000
0.200000000
0.200000000
0.200000000
0.200000000
0.200000000
0.200000000
0.200000000
0.200000000
0.200000000
0.200000000
0.200000000
0.200000000
0.200000000
0.200000000
0.200000000
0.200000000
0.200000000
0.200000000
0.200000000
0.200000000
0.200000000
0.200000000
0.200000000
0.200000000
0.200000000
0.200000000
0.200000000
0.200000000
0.200000000
0.200000000
0.200000000
0.200000000
0.200000000
0.200000000
0.200000000
0.200000000
0.200000000
0.200000000
0.200000000
0.200000000
0.200000000
0.200000000
0.200000000
0.200000000
0.200000000
0.200000000
0.200000000
0.200000000
0.200000000
0.200000000
0.200000000
0.200000000
0.200000000
0.200000000
0.200000000
0.200000000
0.200000000
0.200000000
0.200000000
0.200000000
0.200000000
0.200000000
0.200000000
0.200000000
0.200000000
0.200000000
0.200000000
0.200000000
0.200000000
0.200000000
0.200000000
0.200000000
0.200000000
0.200000000
0.200000000
0.200000000
0.200000000
0.200000000
0.200000000
0.200000000
0.200000000
0.200000000
0.200000000
0.200000000
0.200000000
0.200000000
0.200000000
0.200000000
0.200000000
0.200000000
0.200000000
0.200000000
0.200000000
0.200000000
0.200000000
0.200000000
0.200000000
0.200000000
0.200000000
0.200000000
0.200000000
0.200000000
0.200000000
0.200000000
0.200000000
0.200000000
0.200000000
0.200000000
0.200000000
0.200000000
0.200000000
0.200000000
0.200000000
0.200000000
0.200000000
0.200000000
0.200000000
0.200000000
0.200000000
0.200000000
0.200000000
0.200000000
0.200000000
0.200000000
0.200000000
0.200000000
0.200000000
0.200000000
0.200000000
0.200000000
0.200000000
0.200000000
0.200000000
0.200000000
0.200000000
0.200000000
0.200000000
0.200000000
0.200000000
0.200000000
0.200000000
0.200000000
0.200000000
0.200000000
0.200000000
0.200000000
0.200000000
0.200000000
0.200000000
0.200000000
0.200000000
0.200000000
0.200000000
0.200000000
0.200000000
0.200000000
0.200000000
0.200000000
0.200000000
0.200000000
0.200000000
0.200000000
0.200000000
0.200000000
0.200000000
0.200000000
0.200000000
0.200000000
0.200000000
0.200000000
0.200000000
0.200000000
0.200000000
0.200000000
0.200000000
0.200000000
0.200000000
0.200000000
0.200000000
0.200000000
0.200000000
0.200000000
0.200000000
0.200000000
0.200000000
0.200000000
0.200000000
0.200000000
0.200000000
0.200000000
0.200000000
0.200000000
0.200000000
0.200000000
0.200000000
0.200000000
0.200000000
0.200000000
0.200000000
0.200000000
0.200000000
0.200000000
0.200000000
0.200000000
0.200000000
0.200000000
0.200000000
0.200000000
0.200000000
0.200000000
0.200000000
0.200000000
0.200000000
0.200000000
0.200000000
0.200000000
0.200000000
0.200000000
0.200000000
0.200000000
0.200000000
0.200000000
0.200000000
0.200000000
0.200000000
0.200000000
0.200000000
0.200000000
0.200000000
0.200000000
0.200000000
0.200000000
0.200000000
0.200000000
0.200000000
0.200000000
0.200000000
0.200000000
0.200000000
0.200000000
0.200000000
0.200000000
0.200000000
0.200000000
0.200000000
0.200000000
0.200000000
0.200000000
0.200000000
0.200000000
0.200000000
0.200000000
0.200000000
0.200000000
0.200000000
0.200000000
0.200000000
0.200000000
0.200000000
0.200000000
0.200000000
0.200000000
0.200000000
0.200000000
0.200000000
0.200000000
0.200000000
0.200000000
0.200000000
0.200000000
0.200000000
0.200000000
0.200000000
0.200000000
0.200000000
0.200000000
0.200000000
0.200000000
0.200000000
0.200000000
0.200000000
0.200000000
0.200000000
0.200000000
0.200000000
0.200000000
0.200000000
0.200000000
0.200000000
0.200000000
0.200000000
0.200000000
0.200000000
0.200000000
0.200000000
0.200000000
0.200000000
0.200000000
0.200000000
0.200000000
0.200000000
0.200000000
0.200000000
0.200000000
0.200000000
0.200000000
0.200000000
0.200000000
0.200000000
0.200000000
0.200000000
0.200000000
0.200000000
0.200000000
0.200000000
0.200000000
0.200000000
0.200000000
0.200000000
0.200000000
0.200000000
0.200000000
0.200000000
0.200000000
0.200000000
0.200000000
0.200000000
0.200000000
0.200000000
0.200000000
0.200000000
0.200000000
0.200000000
0.200000000
0.200000000
0.200000000
0.200000000
0.200000000
0.200000000
0.200000000
0.200000000
0.200000000
0.200000000
0.200000000
0.200000000
0.200000000
0.200000000
0.200000000
0.200000000
0.200000000
0.200000000
0.200000000
0.200000000
0.200000000
0.200000000
0.200000000
0.200000000
0.200000000
0.200000000
0.200000000
0.200000000
0.200000000
0.200000000
0.200000000
0.200000000
0.200000000
0.200000000
0.200000000
0.200000000
0.200000000
0.200000000
0.200000000
0.200000000
0.200000000
0.200000000
0.200000000
0.200000000
0.200000000
0.200000000
0.200000000
0.200000000
0.200000000
0.200000000
0.200000000
0.200000000
0.200000000
0.200000000
0.200000000
0.200000000
0.200000000
0.200000000
0.200000000
0.200000000
0.200000000
0.200000000
0.200000000
0.200000000
0.200000000
0.200000000
0.200000000
0.200000000
0.200000000
0.200000000
0.200000000
0.200000000
0.200000000
0.200000000
0.200000000
0.200000000
0.200000000
0.200000000
0.200000000
0.200000000
0.200000000
0.200000000
0.200000000
0.200000000
0.200000000
0.200000000
0.200000000
0.200000000
0.200000000
0.200000000
0.200000000
0.200000000
0.200000000
0.200000000
0.200000000
0.200000000
0.200000000
0.200000000
0.200000000
0.200000000
0.200000000
0.200000000
0.200000000
0.200000000
0.200000000
0.200000000
0.200000000
0.200000000
0.200000000
0.200000000
0.200000000
0.200000000
0.200000000
0.200000000
0.200000000
0.200000000
0.200000000
0.200000000
0.200000000
0.200000000
0.200000000
0.200000000
0.200000000
0.200000000
0.200000000
0.200000000
0.200000000
0.200000000
0.200000000
0.200000000
0.200000000
0.200000000
0.200000000
0.200000000
0.200000000
0.200000000
0.200000000
0.200000000
0.200000000
0.200000000
0.200000000
0.200000000
0.200000000
0.200000000
0.200000000
0.200000000
0.200000000
0.200000000
0.200000000
0.200000000
0.200000000
0.200000000
0.200000000
0.200000000
0.200000000
0.200000000
0.200000000
0.200000000
0.200000000
0.200000000
0.200000000
0.200000000
0.200000000
0.200000000
0.200000000
0.200000000
0.200000000
0.200000000
0.200000000
0.200000000
0.200000000
0.200000000
0.200000000
0.200000000
0.200000000
0.200000000
0.200000000
0.200000000
0.200000000
0.200000000
0.200000000
0.200000000
0.200000000
0.200000000
0.200000000
0.200000000
0.200000000
0.200000000
0.200000000
0.200000000
0.200000000
0.200000000
0.200000000
0.200000000
0.200000000
0.200000000
0.200000000
0.200000000
0.200000000
0.200000000
0.200000000
0.200000000
0.200000000
0.200000000
0.200000000
0.200000000
0.200000000
0.200000000
0.200000000
0.200000000
0.200000000
0.200000000
0.200000000
0.200000000
0.200000000
0.200000000
0.200000000
0.200000000
0.200000000
0.200000000
0.200000000
0.200000000
0.200000000
0.200000000
0.200000000
0.200000000
0.200000000
0.200000000
0.200000000
0.200000000
0.200000000
0.200000000
0.200000000
0.200000000
0.200000000
0.200000000
0.200000000
0.200000000
0.200000000
0.200000000
0.200000000
0.200000000
0.200000000
0.200000000
0.200000000
0.200000000
0.200000000
0.200000000
0.200000000
0.200000000
0.200000000
0.200000000
0.200000000
0.200000000
0.200000000
0.200000000
0.200000000
0.200000000
0.200000000
0.200000000
0.200000000
0.200000000
0.200000000
0.200000000
0.200000000
0.200000000
0.200000000
0.200000000
0.200000000
0.200000000
0.200000000
0.200000000
0.200000000
0.200000000
0.200000000
0.200000000
0.200000000
0.200000000
0.200000000
0.200000000
0.200000000
0.200000000
0.200000000
0.200000000
0.200000000
0.200000000
0.200000000
0.200000000
0.200000000
0.200000000
0.200000000
0.200000000
0.200000000
0.200000000
0.200000000
0.200000000
0.200000000
0.200000000
0.200000000
0.200000000
0.200000000
0.200000000
0.200000000
0.200000000
0.200000000
0.200000000
0.200000000
0.200000000
0.200000000
0.200000000
0.200000000
0.200000000
0.200000000
0.200000000
0.200000000
0.200000000
0.200000000
0.200000000
0.200000000
0.200000000
0.200000000
0.200000000
0.200000000
0.200000000
0.200000000
0.200000000
0.200000000
0.200000000
0.200000000
0.200000000
0.200000000
0.200000000
0.200000000
0.200000000
0.200000000
0.200000000
0.200000000
0.200000000
0.200000000
0.200000000
0.200000000
0.200000000
0.200000000
0.200000000
0.200000000
0.200000000
0.200000000
0.200000000
0.200000000
0.200000000
0.200000000
0.200000000
0.200000000
0.200000000
0.200000000
0.200000000
0.200000000
0.200000000
0.200000000
0.200000000
0.200000000
0.200000000
0.200000000
0.200000000
0.200000000
0.200000000
0.200000000
0.200000000
0.200000000
0.200000000
0.200000000
0.200000000
0.200000000
0.200000000
0.200000000
0.200000000
0.200000000
0.200000000
0.200000000
0.200000000
0.200000000
0.200000000
0.200000000
0.200000000
0.200000000
0.200000000
0.200000000
0.200000000
0.200000000
0.200000000
0.200000000
0.200000000
0.200000000
0.200000000
0.200000000
0.200000000
0.200000000
0.200000000
0.200000000
0.200000000
0.200000000
0.200000000
0.200000000
0.200000000
0.200000000
0.200000000
0.200000000
0.200000000
0.200000000
0.200000000
0.200000000
0.200000000
0.200000000
0.200000000
0.200000000
0.200000000
0.200000000
0.200000000
0.200000000
0.200000000
0.200000000
0.200000000
0.200000000
0.200000000
0.200000000
0.200000000
0.200000000
0.200000000
0.200000000
0.200000000
0.200000000
0.200000000
0.200000000
0.200000000
0.200000000
0.200000000
0.200000000
0.200000000
0.200000000
0.200000000
0.200000000
0.200000000
0.200000000
0.200000000
0.200000000
0.200000000
0.200000000
0.200000000
0.200000000
0.200000000
0.200000000
0.200000000
0.200000000
0.200000000
0.200000000
0.200000000
0.200000000
0.200000000
0.200000000
0.200000000
0.200000000
0.200000000
0.200000000
0.200000000
0.200000000
0.200000000
0.200000000
0.200000000
0.200000000
0.200000000
0.200000000
0.200000000
0.200000000
0.200000000
0.200000000
0.200000000
0.200000000
0.200000000
0.200000000
0.200000000
0.200000000
0.200000000
0.200000000
0.200000000
0.200000000
0.200000000
0.200000000
0.200000000
0.200000000
0.200000000
0.199999867
0.199998933
0.199996400
0.199991467
0.199983333
0.199971200
0.199954267
0.199931733
0.199902800
0.199866667
0.199822533
0.199769600
0.199707067
0.199634133
0.199550000
0.199453867
0.199344933
0.199222400
0.199085467
0.198933333
0.198765200
0.198580267
0.198377733
0.198156800
0.197916667
0.197656667
0.197376667
0.197076667
0.196756667
0.196416667
0.196056667
0.195676667
0.195276667
0.194856667
0.194416667
0.193956667
0.193476667
0.192976667
0.192456667
0.191916667
0.191356667
0.190776667
0.190176667
0.189556667
0.188916667
0.188256667
0.187576667
0.186876667
0.186156667
0.185416667
0.184656800
0.183877733
0.183080267
0.182265200
0.181433333
0.180585467
0.179722400
0.178844933
0.177953867
0.177050000
0.176134133
0.175207067
0.174269600
0.173322533
0.172366667
0.171402800
0.170431733
0.169454267
0.168471200
0.167483333
0.166491467
0.165496400
0.164498933
0.163499867
0.162500000
0.161500000
0.160500000
0.159500000
0.158500000
0.157500000
0.156500000
0.155500000
0.154500000
0.153500000
0.152500000
0.151500000
0.150500000
0.149500000
0.148500000
0.147500000
0.146500000
0.145500000
0.144500000
0.143500000
0.142500000
0.141500000
0.140500000
0.139500000
0.138500000
0.137500000
0.136500000
0.135500000
0.134500000
0.133500000
0.132500000
0.131500000
0.130500000
0.129500000
0.128500000
0.127500000
0.126500000
0.125500000
0.124500000
0.123500000
0.122500000
0.121500000
0.120500000
0.119500000
0.118500000
0.117500000
0.116500000
0.115500000
0.114500000
0.113500000
0.112500000
0.111500000
0.110500000
0.109500000
0.108500000
0.107500000
0.106500000
0.105500000
0.104500000
0.103500000
0.102500000
0.101500000
0.100500000
0.099500000
0.098500000
0.097500000
0.096500000
0.095500000
0.094500000
0.093500000
0.092500000
0.091500000
0.090500000
0.089500000
0.088500000
0.087500000
0.086500000
0.085500000
0.084500000
0.083500000
0.082500000
0.081500000
0.080500000
0.079500000
0.078500000
0.077500000
0.076500000
0.075500000
0.074500000
0.073500000
0.072500000
0.071500000
0.070500000
0.069500000
0.068500000
0.067500000
0.066500000
0.065500000
0.064500000
0.063500000
0.062500000
0.061500000
0.060500000
0.059500000
0.058500000
0.057500000
0.056500000
0.055500000
0.054500000
0.053500000
0.052500000
0.051500000
0.050500000
0.049500000
0.048500000
0.047500000
0.046500000
0.045500000
0.044500000
0.043500000
0.042500000
0.041500000
0.040500000
0.039500000
0.038500000
0.037500000
0.036500133
0.035501067
0.034503600
0.033508533
0.032516667
0.031528800
0.030545733
0.029568267
0.028597200
0.027633333
0.026677467
0.025730400
0.024792933
0.023865867
0.022950000
0.022046133
0.021155067
0.020277600
0.019414533
0.018566667
0.017734800
0.016919733
0.016122267
0.015343200
0.014583333
0.013843333
0.013123333
0.012423333
0.011743333
0.011083333
0.010443333
0.009823333
0.009223333
0.008643333
0.008083333
0.007543333
0.007023333
0.006523333
0.006043333
0.005583333
0.005143333
0.004723333
0.004323333
0.003943333
0.003583333
0.003243333
0.002923333
0.002623333
0.002343333
0.002083333
0.001843200
0.001622267
0.001419733
0.001234800
0.001066667
0.000914533
0.000777600
0.000655067
0.000546133
0.000450000
0.000365867
0.000292933
0.000230400
0.000177467
0.000133333
0.000097200
0.000068267
0.000045733
0.000028800
0.000016667
0.000008533
0.000003600
0.000001067
0.000000133
0.000000000
